1	0.0349589	0.0639337	0.0145895	0.000436251	1.72574e-05	8.94414e-05	0.0195414	0.00426328	0.00693458	0.0233498	0.00903059	0.000225498	0.0280085	0.000571519	0.00131796	0.00378618	0.00497348	0.00302663	0.00098285	0.0102666	0.0658697
0.0349589	1	0.00169978	0.00202485	3.50904e-06	0.018425	0.0116953	0.000721761	0.0453507	0.0349544	0.00792984	6.22247e-06	0.0102027	0.0168037	0.0147231	0.0363609	0.000382822	0.027515	0.00526074	0.0157055	0.00748394	1.02476e-05
0.0639337	0.00169978	1	0.0536128	0.0201507	0.0162223	0.0311346	0.000985589	0.024474	0.0023122	0.021787	0.000146107	0.00997174	0.00101677	0.0298302	0.00928613	4.63599e-06	0.0104742	0.00153276	0.000624366	0.00481088	0.0149766
0.0145895	0.00202485	0.0536128	1	0.0495662	0.00207467	0.00489851	0.0108159	0.00717097	0.0489269	0.00729249	0.00581178	0.0340882	0.000103911	0.0155799	0.0184546	0.0143022	0.000125974	0.000445671	0.00101868	0.00151662	0.0371989
0.000436251	3.50904e-06	0.0201507	0.0495662	1	0.00556754	0.0279044	0.00765622	0.0515268	0.0853737	0.000174522	0.000566535	0.031999	0.00115774	0.00226346	0.000403988	0.0357903	0.00031524	8.17105e-05	0.00514776	0.00544032	0.00335804
1.72574e-05	0.018425	0.0162223	0.00207467	0.00556754	1	0.15762	0.00580522	0.0528052	0.0258053	0.00654526	0.0159084	0.0193296	0.00832639	0.000696947	0.00142297	0.00110612	0.00498721	0.00262367	0.0040267	0.0293904	0.000689827
8.94414e-05	0.0116953	0.0311346	0.00489851	0.0279044	0.15762	1	0.00608412	0.0967287	0.0826927	0.00367798	2.04893e-05	0.00196152	0.00204996	0.0166166	0.00496444	0.00164644	0.0563459	0.00322512	0.00659631	0.015849	0.00224861
0.0195414	0.000721761	0.000985589	0.0108159	0.00765622	0.00580522	0.00608412	1	0.0331271	0.0484173	0.0332524	0.00241633	0.00922522	0.00311028	0.00253748	0.0205065	0.00326275	0.0064661	0.00151261	0.00470588	0.00105133	0.000577507
0.00426328	0.0453507	0.024474	0.00717097	0.0515268	0.0528052	0.0967287	0.0331271	1	0.157547	0.106541	0.032594	4.916e-06	0.0121162	0.00230004	0.0111817	0.0291785	0.0465157	0.0022616	0.00362113	0.00186807	0.00192876
0.00693458	0.0349544	0.0023122	0.0489269	0.0853737	0.0258053	0.0826927	0.0484173	0.157547	1	0.0440314	0.103237	0.0444815	0.0306299	9.40119e-05	0.00439676	0.000355292	0.0178244	0.000503789	0.0103694	0.0151839	0.0183644
0.0233498	0.00792984	0.021787	0.00729249	0.000174522	0.00654526	0.00367798	0.0332524	0.106541	0.0440314	1	0.0962771	0.000402057	0.0193457	0.00374323	0.0425321	0.00266855	0.023564	0.00646609	0.00414451	0.00035446	0.00131669
0.00903059	6.22247e-06	0.000146107	0.00581178	0.000566535	0.0159084	2.04893e-05	0.00241633	0.032594	0.103237	0.0962771	1	0.155684	0.0418561	0.00211452	0.0192629	9.88906e-05	0.00127993	0.0283994	0.0162282	0.0111195	0.00502556
0.000225498	0.0102027	0.00997174	0.0340882	0.031999	0.0193296	0.00196152	0.00922522	4.916e-06	0.0444815	0.000402057	0.155684	1	0.00207697	0.00218888	1.15344e-05	0.0068618	0.0274109	0.0164152	0.00135759	0.00858099	5.66915e-05
0.0280085	0.0168037	0.00101677	0.000103911	0.00115774	0.00832639	0.00204996	0.00311028	0.0121162	0.0306299	0.0193457	0.0418561	0.00207697	1	0.0454682	0.0712051	0.000473445	0.00400746	0.00477997	0.014871	0.041073	0.00318672
0.000571519	0.0147231	0.0298302	0.0155799	0.00226346	0.000696947	0.0166166	0.00253748	0.00230004	9.40119e-05	0.00374323	0.00211452	0.00218888	0.0454682	1	0.00154305	0.0122479	0.037452	0.00207836	0.0253572	0.069133	0.0182371
0.00131796	0.0363609	0.00928613	0.0184546	0.000403988	0.00142297	0.00496444	0.0205065	0.0111817	0.00439676	0.0425321	0.0192629	1.15344e-05	0.0712051	0.00154305	1	0.0165562	0.0158899	0.0211713	0.0825812	0.000762058	0.0363796
0.00378618	0.000382822	4.63599e-06	0.0143022	0.0357903	0.00110612	0.00164644	0.00326275	0.0291785	0.000355292	0.00266855	9.88906e-05	0.0068618	0.000473445	0.0122479	0.0165562	1	0.00238168	0.00891429	0.000369231	0.00470703	0.000478609
0.00497348	0.027515	0.0104742	0.000125974	0.00031524	0.00498721	0.0563459	0.0064661	0.0465157	0.0178244	0.023564	0.00127993	0.0274109	0.00400746	0.037452	0.0158899	0.00238168	1	0.00811559	0.00299237	0.00693795	0.00434679
0.00302663	0.00526074	0.00153276	0.000445671	8.17105e-05	0.00262367	0.00322512	0.00151261	0.0022616	0.000503789	0.00646609	0.0283994	0.0164152	0.00477997	0.00207836	0.0211713	0.00891429	0.00811559	1	0.000357143	0.00281871	0.0300093
0.00098285	0.0157055	0.000624366	0.00101868	0.00514776	0.0040267	0.00659631	0.00470588	0.00362113	0.0103694	0.00414451	0.0162282	0.00135759	0.014871	0.0253572	0.0825812	0.000369231	0.00299237	0.000357143	1	0.024619	0.00576104
0.0102666	0.00748394	0.00481088	0.00151662	0.00544032	0.0293904	0.015849	0.00105133	0.00186807	0.0151839	0.00035446	0.0111195	0.00858099	0.041073	0.069133	0.000762058	0.00470703	0.00693795	0.00281871	0.024619	1	0.000565396
0.0658697	1.02476e-05	0.0149766	0.0371989	0.00335804	0.000689827	0.00224861	0.000577507	0.00192876	0.0183644	0.00131669	0.00502556	5.66915e-05	0.00318672	0.0182371	0.0363796	0.000478609	0.00434679	0.0300093	0.00576104	0.000565396	1
